년도,월,지역,지역코드,버스노선,시점-종점 정보,시간,시간코드,주말/평일 구분,주말/평일 구분 코드,단일 승차인원,단일 하차인원,단일 총승객인원,환승 승차인원,환승 하차인원,환승 총승객인원,전체 승차인원,전체 하차인원,전체 총승객인원
2023,12,경기도 화성시,3124000,100,파크자이2차-파크자이2차,06시~07시,6,평일,1,1,1,2,0,0,0,1,1,2
2023,12,경기도 화성시,3124000,100,파크자이2차-파크자이2차,08시~09시,8,평일,1,52,61,113,0,0,0,52,61,113
2023,12,경기도 화성시,3124000,100,파크자이2차-파크자이2차,18시~19시,18,평일,1,12,16,28,8,8,16,20,24,44
2023,12,경기도 화성시,3124000,100,파크자이2차-파크자이2차,19시~20시,19,평일,1,3,4,7,1,1,2,4,5,9
2023,12,경기도 화성시,3124000,100,파크자이2차-파크자이2차,07시~08시,7,평일,1,36,26,62,1,1,2,37,27,64
2023,12,경기도 화성시,3124000,1000,장외리.오리골-동탄역(동측),06시~07시,6,평일,1,5,4,9,4,4,8,9,8,17
2023,12,경기도 화성시,3124000,1000,장외리.오리골-동탄역(동측),19시~20시,19,평일,1,11,15,26,31,28,59,42,43,85
2023,12,경기도 화성시,3124000,1000,장외리.오리골-동탄역(동측),18시~19시,18,평일,1,21,29,50,3,11,14,24,40,64
2023,12,경기도 화성시,3124000,1000,장외리.오리골-동탄역(동측),07시~08시,7,평일,1,44,24,68,23,10,33,67,34,101
2023,12,경기도 화성시,3124000,1000,장외리.오리골-동탄역(동측),08시~09시,8,평일,1,36,44,80,6,16,22,42,60,102
2023,12,경기도 화성시,3124000,116-2,영통차고지(경유)-갈곶동.KCC스위첸아파트,08시~09시,8,평일,1,128,148,276,40,37,77,168,185,353
2023,12,경기도 화성시,3124000,116-2,영통차고지(경유)-갈곶동.KCC스위첸아파트,07시~08시,7,평일,1,138,109,247,22,18,40,160,127,287
2023,12,경기도 화성시,3124000,116-2,영통차고지(경유)-갈곶동.KCC스위첸아파트,06시~07시,6,평일,1,58,42,100,10,7,17,68,49,117
2023,12,경기도 화성시,3124000,116-2,영통차고지(경유)-갈곶동.KCC스위첸아파트,19시~20시,19,평일,1,60,75,135,16,14,30,76,89,165
2023,12,경기도 화성시,3124000,116-2,영통차고지(경유)-갈곶동.KCC스위첸아파트,18시~19시,18,평일,1,131,143,274,8,14,22,139,157,296
2023,12,경기도 화성시,3124000,116-5,영통차고지(경유)-갈곶동.KCC스위첸아파트,19시~20시,19,평일,1,73,90,163,22,22,44,95,112,207
2023,12,경기도 화성시,3124000,116-5,영통차고지(경유)-갈곶동.KCC스위첸아파트,18시~19시,18,평일,1,132,155,287,19,12,31,151,167,318
2023,12,경기도 화성시,3124000,116-5,영통차고지(경유)-갈곶동.KCC스위첸아파트,08시~09시,8,평일,1,127,165,292,29,29,58,156,194,350
2023,12,경기도 화성시,3124000,116-5,영통차고지(경유)-갈곶동.KCC스위첸아파트,06시~07시,6,평일,1,53,37,90,15,11,26,68,48,116
2023,12,경기도 화성시,3124000,116-5,영통차고지(경유)-갈곶동.KCC스위첸아파트,07시~08시,7,평일,1,142,90,232,10,12,22,152,102,254
2023,12,경기도 화성시,3124000,12,장짐교차로-남양성지,07시~08시,7,평일,1,81,72,153,9,4,13,90,76,166
2023,12,경기도 화성시,3124000,12,장짐교차로-남양성지,06시~07시,6,평일,1,29,19,48,4,3,7,33,22,55
2023,12,경기도 화성시,3124000,12,장짐교차로-남양성지,18시~19시,18,평일,1,46,45,91,19,20,39,65,65,130
2023,12,경기도 화성시,3124000,12,장짐교차로-남양성지,18시~19시,18,평일,1,10,4,14,2,1,3,12,5,17
2023,12,경기도 화성시,3124000,12,장짐교차로-남양성지,06시~07시,6,평일,1,3,5,8,3,3,6,6,8,14
2023,12,경기도 화성시,3124000,12,장짐교차로-남양성지,08시~09시,8,평일,1,75,87,162,21,22,43,96,109,205
2023,12,경기도 화성시,3124000,12,장짐교차로-남양성지,08시~09시,8,평일,1,10,7,17,3,2,5,13,9,22
2023,12,경기도 화성시,3124000,12,장짐교차로-남양성지,19시~20시,19,평일,1,26,27,53,18,21,39,44,48,92
2023,12,경기도 화성시,3124000,12,장짐교차로-남양성지,07시~08시,7,평일,1,8,9,17,1,2,3,9,11,20
2023,12,경기도 화성시,3124000,12,장짐교차로-남양성지,19시~20시,19,평일,1,14,20,34,3,4,7,17,24,41
2023,12,경기도 화성시,3124000,1551,수원대학교-양재역.서초문화예술회관(중),08시~09시,8,평일,1,67,67,134,29,30,59,96,97,193
2023,12,경기도 화성시,3124000,1551,수원대학교-양재역.서초문화예술회관(중),07시~08시,7,평일,1,68,81,149,18,15,33,86,96,182
2023,12,경기도 화성시,3124000,1551,수원대학교-양재역.서초문화예술회관(중),19시~20시,19,평일,1,22,40,62,20,20,40,42,60,102
2023,12,경기도 화성시,3124000,1551,수원대학교-양재역.서초문화예술회관(중),06시~07시,6,평일,1,61,17,78,6,1,7,67,18,85
2023,12,경기도 화성시,3124000,1551,수원대학교-양재역.서초문화예술회관(중),18시~19시,18,평일,1,42,35,77,31,20,51,73,55,128
2023,12,경기도 화성시,3124000,1551B,수원대학교-신분당선강남역(중),07시~08시,7,평일,1,77,58,135,20,9,29,97,67,164
2023,12,경기도 화성시,3124000,1551B,수원대학교-신분당선강남역(중),19시~20시,19,평일,1,29,39,68,18,15,33,47,54,101
2023,12,경기도 화성시,3124000,1551B,수원대학교-신분당선강남역(중),18시~19시,18,평일,1,38,59,97,16,23,39,54,82,136
2023,12,경기도 화성시,3124000,1551B,수원대학교-신분당선강남역(중),08시~09시,8,평일,1,62,98,160,27,24,51,89,122,211
2023,12,경기도 화성시,3124000,1551B,수원대학교-신분당선강남역(중),06시~07시,6,평일,1,67,21,88,7,2,9,74,23,97
2023,12,경기도 화성시,3124000,17,병점역후문-동탄역(동측),08시~09시,8,평일,1,6,6,12,0,0,0,6,6,12
2023,12,경기도 화성시,3124000,17,병점역후문-동탄역(동측),07시~08시,7,평일,1,201,164,365,34,25,59,235,189,424
2023,12,경기도 화성시,3124000,17,병점역후문-동탄역(동측),18시~19시,18,평일,1,173,192,365,59,51,110,232,243,475
2023,12,경기도 화성시,3124000,17,병점역후문-동탄역(동측),19시~20시,19,평일,1,143,140,283,81,86,167,224,226,450
2023,12,경기도 화성시,3124000,17,병점역후문-동탄역(동측),06시~07시,6,평일,1,93,74,167,22,18,40,115,92,207
2023,12,경기도 화성시,3124000,17,병점역후문-동탄역(동측),08시~09시,8,평일,1,262,274,536,30,32,62,292,306,598
2023,12,경기도 화성시,3124000,19,호수공원행복주택.호수부영6차-병점역사거리,19시~20시,19,평일,1,77,99,176,92,99,191,169,198,367
2023,12,경기도 화성시,3124000,19,호수공원행복주택.호수부영6차-병점역사거리,18시~19시,18,평일,1,163,189,352,71,83,154,234,272,506
2023,12,경기도 화성시,3124000,19,호수공원행복주택.호수부영6차-병점역사거리,08시~09시,8,평일,1,307,296,603,49,75,124,356,371,727
2023,12,경기도 화성시,3124000,19,호수공원행복주택.호수부영6차-병점역사거리,07시~08시,7,평일,1,238,241,479,73,52,125,311,293,604
2023,12,경기도 화성시,3124000,19,호수공원행복주택.호수부영6차-병점역사거리,19시~20시,19,평일,1,2,0,2,0,0,0,2,0,2
2023,12,경기도 화성시,3124000,19,호수공원행복주택.호수부영6차-병점역사거리,06시~07시,6,평일,1,173,122,295,37,21,58,210,143,353
2023,12,경기도 화성시,3124000,19-5(B),동탄역(동측)-병점역사거리,06시~07시,6,평일,1,9,8,17,2,2,4,11,10,21
2023,12,경기도 화성시,3124000,19-5(B),동탄역(동측)-병점역사거리,07시~08시,7,평일,1,81,55,136,22,15,37,103,70,173
2023,12,경기도 화성시,3124000,19-5(B),동탄역(동측)-병점역사거리,08시~09시,8,평일,1,66,88,154,18,25,43,84,113,197
2023,12,경기도 화성시,3124000,19-5(B),동탄역(동측)-병점역사거리,18시~19시,18,평일,1,31,25,56,8,6,14,39,31,70
2023,12,경기도 화성시,3124000,19-5(B),동탄역(동측)-병점역사거리,19시~20시,19,평일,1,24,27,51,12,12,24,36,39,75
2023,12,경기도 화성시,3124000,200,경기고속차고지-반도10차,08시~09시,8,평일,1,76,90,166,3,2,5,79,92,171
2023,12,경기도 화성시,3124000,200,경기고속차고지-반도10차,07시~08시,7,평일,1,72,47,119,2,4,6,74,51,125
2023,12,경기도 화성시,3124000,200,경기고속차고지-반도10차,06시~07시,6,평일,1,33,11,44,5,2,7,38,13,51
2023,12,경기도 화성시,3124000,200,경기고속차고지-반도10차,18시~19시,18,평일,1,30,35,65,21,17,38,51,52,103
2023,12,경기도 화성시,3124000,200,경기고속차고지-반도10차,19시~20시,19,평일,1,33,47,80,9,13,22,42,60,102
2023,12,경기도 화성시,3124000,203,동탄2차고지-영흥수목원.영흥숲푸르지오파크비엔아파트,19시~20시,19,평일,1,92,112,204,39,40,79,131,152,283
2023,12,경기도 화성시,3124000,203,동탄2차고지-영흥수목원.영흥숲푸르지오파크비엔아파트,06시~07시,6,평일,1,17,5,22,6,0,6,23,5,28
2023,12,경기도 화성시,3124000,203,동탄2차고지-영흥수목원.영흥숲푸르지오파크비엔아파트,08시~09시,8,평일,1,113,111,224,24,22,46,137,133,270
2023,12,경기도 화성시,3124000,203,동탄2차고지-영흥수목원.영흥숲푸르지오파크비엔아파트,18시~19시,18,평일,1,85,90,175,20,23,43,105,113,218
2023,12,경기도 화성시,3124000,203,동탄2차고지-영흥수목원.영흥숲푸르지오파크비엔아파트,07시~08시,7,평일,1,73,52,125,10,12,22,83,64,147
2023,12,경기도 화성시,3124000,205,경기고속차고지-한신더휴,06시~07시,6,평일,1,9,5,14,1,1,2,10,6,16
2023,12,경기도 화성시,3124000,205,경기고속차고지-한신더휴,07시~08시,7,평일,1,47,35,82,3,2,5,50,37,87
2023,12,경기도 화성시,3124000,205,경기고속차고지-한신더휴,08시~09시,8,평일,1,76,77,153,9,10,19,85,87,172
2023,12,경기도 화성시,3124000,205,경기고속차고지-한신더휴,18시~19시,18,평일,1,19,21,40,11,6,17,30,27,57
2023,12,경기도 화성시,3124000,205,경기고속차고지-한신더휴,19시~20시,19,평일,1,44,46,90,16,17,33,60,63,123
2023,12,경기도 화성시,3124000,27,경진여객차고지-석천1리포도원,19시~20시,19,평일,1,195,232,427,136,165,301,331,397,728
2023,12,경기도 화성시,3124000,27,경진여객차고지-석천1리포도원,18시~19시,18,평일,1,288,310,598,135,129,264,423,439,862
2023,12,경기도 화성시,3124000,27,경진여객차고지-석천1리포도원,07시~08시,7,평일,1,322,285,607,60,42,102,382,327,709
2023,12,경기도 화성시,3124000,27,경진여객차고지-석천1리포도원,08시~09시,8,평일,1,359,382,741,106,105,211,465,487,952
2023,12,경기도 화성시,3124000,27,경진여객차고지-석천1리포도원,06시~07시,6,평일,1,224,167,391,31,31,62,255,198,453
2023,12,경기도 화성시,3124000,4108,나루마을.월드반도-서울역버스환승센터(6번승강장)(중),06시~07시,6,평일,1,116,2,118,33,0,33,149,2,151
2023,12,경기도 화성시,3124000,4108,나루마을.월드반도-서울역버스환승센터(6번승강장)(중),07시~08시,7,평일,1,88,106,194,42,33,75,130,139,269
2023,12,경기도 화성시,3124000,4108,나루마을.월드반도-서울역버스환승센터(6번승강장)(중),08시~09시,8,평일,1,95,97,192,30,46,76,125,143,268
2023,12,경기도 화성시,3124000,4108,나루마을.월드반도-서울역버스환승센터(6번승강장)(중),18시~19시,18,평일,1,77,45,122,29,30,59,106,75,181
2023,12,경기도 화성시,3124000,4108,나루마을.월드반도-서울역버스환승센터(6번승강장)(중),19시~20시,19,평일,1,40,90,130,30,40,70,70,130,200
2023,12,경기도 화성시,3124000,4403,나루마을.월드반도-신분당선강남역(중),08시~09시,8,평일,1,108,170,278,25,45,70,133,215,348
2023,12,경기도 화성시,3124000,4403,나루마을.월드반도-신분당선강남역(중),19시~20시,19,평일,1,27,55,82,35,87,122,62,142,204
2023,12,경기도 화성시,3124000,4403,나루마을.월드반도-신분당선강남역(중),06시~07시,6,평일,1,86,14,100,6,1,7,92,15,107
2023,12,경기도 화성시,3124000,4403,나루마을.월드반도-신분당선강남역(중),18시~19시,18,평일,1,63,49,112,93,59,152,156,108,264
2023,12,경기도 화성시,3124000,4403,나루마을.월드반도-신분당선강남역(중),07시~08시,7,평일,1,158,88,246,44,10,54,202,98,300
2023,12,경기도 화성시,3124000,6,병점역후문-포스코2차.신미주아파트,08시~09시,8,평일,1,0,7,7,0,0,0,0,7,7
2023,12,경기도 화성시,3124000,6,병점역후문-포스코2차.신미주아파트,07시~08시,7,평일,1,13,13,26,2,2,4,15,15,30
2023,12,경기도 화성시,3124000,6,병점역후문-포스코2차.신미주아파트,19시~20시,19,평일,1,11,10,21,5,5,10,16,15,31
2023,12,경기도 화성시,3124000,6,병점역후문-포스코2차.신미주아파트,08시~09시,8,평일,1,8,4,12,1,1,2,9,5,14
2023,12,경기도 화성시,3124000,6,병점역후문-포스코2차.신미주아파트,06시~07시,6,평일,1,14,14,28,0,3,3,14,17,31
2023,12,경기도 화성시,3124000,6,병점역후문-포스코2차.신미주아파트,07시~08시,7,평일,1,15,8,23,0,0,0,15,8,23
2023,12,경기도 화성시,3124000,6,병점역후문-포스코2차.신미주아파트,18시~19시,18,평일,1,5,7,12,1,3,4,6,10,16
2023,12,경기도 화성시,3124000,6001,동탄2차고지-신분당선강남역(중),18시~19시,18,평일,1,154,160,314,101,78,179,255,238,493
2023,12,경기도 화성시,3124000,6001,동탄2차고지-신분당선강남역(중),08시~09시,8,평일,1,151,179,330,25,34,59,176,213,389
2023,12,경기도 화성시,3124000,6001,동탄2차고지-신분당선강남역(중),07시~08시,7,평일,1,190,124,314,32,19,51,222,143,365
2023,12,경기도 화성시,3124000,6001,동탄2차고지-신분당선강남역(중),06시~07시,6,평일,1,135,57,192,16,11,27,151,68,219
2023,12,경기도 화성시,3124000,6001,동탄2차고지-신분당선강남역(중),19시~20시,19,평일,1,83,139,222,63,95,158,146,234,380
2023,12,경기도 화성시,3124000,6003,동탄2차고지-판교역.낙생육교.현대백화점,08시~09시,8,평일,1,225,288,513,135,165,300,360,453,813
2023,12,경기도 화성시,3124000,6003,동탄2차고지-판교역.낙생육교.현대백화점,18시~19시,18,평일,1,255,300,555,78,94,172,333,394,727
2023,12,경기도 화성시,3124000,6003,동탄2차고지-판교역.낙생육교.현대백화점,19시~20시,19,평일,1,191,267,458,74,104,178,265,371,636
2023,12,경기도 화성시,3124000,6003,동탄2차고지-판교역.낙생육교.현대백화점,07시~08시,7,평일,1,316,245,561,163,102,265,479,347,826
2023,12,경기도 화성시,3124000,6003,동탄2차고지-판교역.낙생육교.현대백화점,06시~07시,6,평일,1,185,45,230,56,30,86,241,75,316
2023,12,경기도 화성시,3124000,6004,동탄국제고등학교-신분당선강남역(중),06시~07시,6,평일,1,95,29,124,23,10,33,118,39,157
2023,12,경기도 화성시,3124000,6004,동탄국제고등학교-신분당선강남역(중),07시~08시,7,평일,1,134,99,233,30,13,43,164,112,276
2023,12,경기도 화성시,3124000,6004,동탄국제고등학교-신분당선강남역(중),08시~09시,8,평일,1,89,130,219,21,40,61,110,170,280
2023,12,경기도 화성시,3124000,6004,동탄국제고등학교-신분당선강남역(중),19시~20시,19,평일,1,53,69,122,35,69,104,88,138,226
2023,12,경기도 화성시,3124000,6004,동탄국제고등학교-신분당선강남역(중),18시~19시,18,평일,1,50,70,120,57,40,97,107,110,217
2023,12,경기도 화성시,3124000,6008,동탄2차고지-서초아트자이아파트,08시~09시,8,평일,1,104,141,245,61,69,130,165,210,375
2023,12,경기도 화성시,3124000,6008,동탄2차고지-서초아트자이아파트,06시~07시,6,평일,1,98,35,133,35,7,42,133,42,175
2023,12,경기도 화성시,3124000,6008,동탄2차고지-서초아트자이아파트,19시~20시,19,평일,1,82,132,214,40,46,86,122,178,300
2023,12,경기도 화성시,3124000,6008,동탄2차고지-서초아트자이아파트,18시~19시,18,평일,1,128,111,239,44,35,79,172,146,318
2023,12,경기도 화성시,3124000,6008,동탄2차고지-서초아트자이아파트,07시~08시,7,평일,1,122,80,202,55,31,86,177,111,288
2023,12,경기도 화성시,3124000,701A,동탄2차고지-곡반정동차고지,18시~19시,18,평일,1,103,104,207,45,56,101,148,160,308
2023,12,경기도 화성시,3124000,701A,동탄2차고지-곡반정동차고지,08시~09시,8,평일,1,160,173,333,19,33,52,179,206,385
2023,12,경기도 화성시,3124000,701A,동탄2차고지-곡반정동차고지,07시~08시,7,평일,1,111,83,194,20,5,25,131,88,219
2023,12,경기도 화성시,3124000,701A,동탄2차고지-곡반정동차고지,06시~07시,6,평일,1,35,27,62,3,3,6,38,30,68
2023,12,경기도 화성시,3124000,701A,동탄2차고지-곡반정동차고지,19시~20시,19,평일,1,58,63,121,22,29,51,80,92,172
2023,12,경기도 화성시,3124000,708,동탄2차고지-병점역사거리,19시~20시,19,평일,1,123,162,285,120,146,266,243,308,551
2023,12,경기도 화성시,3124000,708,동탄2차고지-병점역사거리,18시~19시,18,평일,1,232,236,468,122,93,215,354,329,683
2023,12,경기도 화성시,3124000,708,동탄2차고지-병점역사거리,08시~09시,8,평일,1,375,378,753,92,103,195,467,481,948
2023,12,경기도 화성시,3124000,708,동탄2차고지-병점역사거리,07시~08시,7,평일,1,286,255,541,82,64,146,368,319,687
2023,12,경기도 화성시,3124000,708,동탄2차고지-병점역사거리,06시~07시,6,평일,1,178,169,347,55,46,101,233,215,448
2023,12,경기도 화성시,3124000,709,서동탄역-동탄역(동측),08시~09시,8,평일,1,108,111,219,15,15,30,123,126,249
2023,12,경기도 화성시,3124000,709,서동탄역-동탄역(동측),07시~08시,7,평일,1,104,91,195,15,15,30,119,106,225
2023,12,경기도 화성시,3124000,709,서동탄역-동탄역(동측),18시~19시,18,평일,1,96,85,181,33,30,63,129,115,244
2023,12,경기도 화성시,3124000,709,서동탄역-동탄역(동측),19시~20시,19,평일,1,52,71,123,39,38,77,91,109,200
2023,12,경기도 화성시,3124000,709,서동탄역-동탄역(동측),06시~07시,6,평일,1,45,33,78,13,9,22,58,42,100
2023,12,경기도 화성시,3124000,709-1,서동탄역-동탄역(서측),06시~07시,6,평일,1,71,60,131,8,8,16,79,68,147
2023,12,경기도 화성시,3124000,709-1,서동탄역-동탄역(서측),07시~08시,7,평일,1,92,84,176,15,15,30,107,99,206
2023,12,경기도 화성시,3124000,709-1,서동탄역-동탄역(서측),18시~19시,18,평일,1,95,86,181,18,17,35,113,103,216
2023,12,경기도 화성시,3124000,709-1,서동탄역-동탄역(서측),19시~20시,19,평일,1,73,84,157,25,21,46,98,105,203
2023,12,경기도 화성시,3124000,709-1,서동탄역-동탄역(서측),08시~09시,8,평일,1,93,96,189,9,9,18,102,105,207
2023,12,경기도 화성시,3124000,710,만의사.마을회관-병점역사거리,19시~20시,19,평일,1,10,7,17,4,5,9,14,12,26
2023,12,경기도 화성시,3124000,710,만의사.마을회관-병점역사거리,18시~19시,18,평일,1,19,16,35,7,8,15,26,24,50
2023,12,경기도 화성시,3124000,710,만의사.마을회관-병점역사거리,08시~09시,8,평일,1,13,9,22,1,1,2,14,10,24
2023,12,경기도 화성시,3124000,710,만의사.마을회관-병점역사거리,07시~08시,7,평일,1,21,21,42,10,10,20,31,31,62
2023,12,경기도 화성시,3124000,710,만의사.마을회관-병점역사거리,06시~07시,6,평일,1,10,9,19,1,1,2,11,10,21
2023,12,경기도 화성시,3124000,712,만의사.마을회관-병점역사거리,19시~20시,19,평일,1,77,78,155,50,38,88,127,116,243
2023,12,경기도 화성시,3124000,712,만의사.마을회관-병점역사거리,18시~19시,18,평일,1,48,80,128,48,55,103,96,135,231
2023,12,경기도 화성시,3124000,712,만의사.마을회관-병점역사거리,06시~07시,6,평일,1,107,78,185,38,22,60,145,100,245
2023,12,경기도 화성시,3124000,712,만의사.마을회관-병점역사거리,08시~09시,8,평일,1,116,132,248,37,39,76,153,171,324
2023,12,경기도 화성시,3124000,712,만의사.마을회관-병점역사거리,07시~08시,7,평일,1,135,115,250,22,31,53,157,146,303
2023,12,경기도 화성시,3124000,720-3,단국대.종합실험동-새봄초등학교,18시~19시,18,평일,1,306,310,616,75,77,152,381,387,768
2023,12,경기도 화성시,3124000,720-3,단국대.종합실험동-새봄초등학교,07시~08시,7,평일,1,382,256,638,60,44,104,442,300,742
2023,12,경기도 화성시,3124000,720-3,단국대.종합실험동-새봄초등학교,08시~09시,8,평일,1,296,394,690,87,105,192,383,499,882
2023,12,경기도 화성시,3124000,720-3,단국대.종합실험동-새봄초등학교,19시~20시,19,평일,1,155,200,355,68,72,140,223,272,495
2023,12,경기도 화성시,3124000,720-3,단국대.종합실험동-새봄초등학교,06시~07시,6,평일,1,84,61,145,27,33,60,111,94,205
2023,12,경기도 화성시,3124000,7200,동탄2차고지-인덕원역1번출구,06시~07시,6,평일,1,55,19,74,13,3,16,68,22,90
2023,12,경기도 화성시,3124000,7200,동탄2차고지-인덕원역1번출구,07시~08시,7,평일,1,102,47,149,23,12,35,125,59,184
2023,12,경기도 화성시,3124000,7200,동탄2차고지-인덕원역1번출구,08시~09시,8,평일,1,75,146,221,25,35,60,100,181,281
2023,12,경기도 화성시,3124000,7200,동탄2차고지-인덕원역1번출구,18시~19시,18,평일,1,56,60,116,24,19,43,80,79,159
2023,12,경기도 화성시,3124000,7200,동탄2차고지-인덕원역1번출구,19시~20시,19,평일,1,49,58,107,13,22,35,62,80,142
2023,12,경기도 화성시,3124000,721,영통차고지(경유)-반도10차,07시~08시,7,평일,1,28,12,40,4,0,4,32,12,44
2023,12,경기도 화성시,3124000,721,영통차고지(경유)-반도10차,06시~07시,6,평일,1,14,12,26,6,6,12,20,18,38
2023,12,경기도 화성시,3124000,721,영통차고지(경유)-반도10차,18시~19시,18,평일,1,65,31,96,12,3,15,77,34,111
2023,12,경기도 화성시,3124000,721,영통차고지(경유)-반도10차,19시~20시,19,평일,1,14,44,58,15,20,35,29,64,93
2023,12,경기도 화성시,3124000,721,영통차고지(경유)-반도10차,08시~09시,8,평일,1,42,60,102,24,28,52,66,88,154
2023,12,경기도 화성시,3124000,73,동탄2차고지-병점역사거리,19시~20시,19,평일,1,277,307,584,145,166,311,422,473,895
2023,12,경기도 화성시,3124000,73,동탄2차고지-병점역사거리,06시~07시,6,평일,1,233,160,393,34,17,51,267,177,444
2023,12,경기도 화성시,3124000,73,동탄2차고지-병점역사거리,18시~19시,18,평일,1,469,520,989,132,125,257,601,645,1246
2023,12,경기도 화성시,3124000,73,동탄2차고지-병점역사거리,08시~09시,8,평일,1,655,733,1388,96,114,210,751,847,1598
2023,12,경기도 화성시,3124000,73,동탄2차고지-병점역사거리,07시~08시,7,평일,1,464,359,823,75,45,120,539,404,943
2023,12,경기도 화성시,3124000,81,향남부영10.11단지-동탄역(동측),06시~07시,6,평일,1,44,22,66,16,11,27,60,33,93
2023,12,경기도 화성시,3124000,81,향남부영10.11단지-동탄역(동측),08시~09시,8,평일,1,62,97,159,19,13,32,81,110,191
2023,12,경기도 화성시,3124000,81,향남부영10.11단지-동탄역(동측),18시~19시,18,평일,1,39,33,72,19,14,33,58,47,105
2023,12,경기도 화성시,3124000,81,향남부영10.11단지-동탄역(동측),19시~20시,19,평일,1,36,36,72,13,18,31,49,54,103
2023,12,경기도 화성시,3124000,81,향남부영10.11단지-동탄역(동측),07시~08시,7,평일,1,77,56,133,5,8,13,82,64,146
2023,12,경기도 화성시,3124000,8501,수원대학교-신분당선강남역(중),06시~07시,6,평일,1,55,10,65,13,1,14,68,11,79
2023,12,경기도 화성시,3124000,8501,수원대학교-신분당선강남역(중),18시~19시,18,평일,1,51,52,103,52,35,87,103,87,190
2023,12,경기도 화성시,3124000,8501,수원대학교-신분당선강남역(중),08시~09시,8,평일,1,52,173,225,10,33,43,62,206,268
2023,12,경기도 화성시,3124000,8501,수원대학교-신분당선강남역(중),07시~08시,7,평일,1,164,46,210,24,10,34,188,56,244
2023,12,경기도 화성시,3124000,8501,수원대학교-신분당선강남역(중),19시~20시,19,평일,1,50,58,108,28,55,83,78,113,191
2023,12,경기도 화성시,3124000,8502,수원대학교-신분당선강남역(중),07시~08시,7,평일,1,77,12,89,4,3,7,81,15,96
2023,12,경기도 화성시,3124000,8502,수원대학교-신분당선강남역(중),08시~09시,8,평일,1,35,97,132,9,5,14,44,102,146
2023,12,경기도 화성시,3124000,8502,수원대학교-신분당선강남역(중),18시~19시,18,평일,1,46,24,70,29,11,40,75,35,110
2023,12,경기도 화성시,3124000,8502,수원대학교-신분당선강남역(중),06시~07시,6,평일,1,41,33,74,2,1,3,43,34,77
2023,12,경기도 화성시,3124000,8502,수원대학교-신분당선강남역(중),19시~20시,19,평일,1,17,42,59,30,27,57,47,69,116
2023,12,경기도 화성시,3124000,9,쌍용아파트-봉담호수공원.신협앞,19시~20시,19,평일,1,17,14,31,15,12,27,32,26,58
2023,12,경기도 화성시,3124000,9,쌍용아파트-봉담호수공원.신협앞,07시~08시,7,평일,1,114,108,222,5,6,11,119,114,233
2023,12,경기도 화성시,3124000,9,쌍용아파트-봉담호수공원.신협앞,06시~07시,6,평일,1,6,6,12,0,0,0,6,6,12
2023,12,경기도 화성시,3124000,9,쌍용아파트-봉담호수공원.신협앞,08시~09시,8,평일,1,122,127,249,15,15,30,137,142,279
2023,12,경기도 화성시,3124000,9,쌍용아파트-봉담호수공원.신협앞,08시~09시,8,평일,1,10,5,15,1,1,2,11,6,17
2023,12,경기도 화성시,3124000,9,쌍용아파트-봉담호수공원.신협앞,18시~19시,18,평일,1,70,95,165,6,8,14,76,103,179
2023,12,경기도 화성시,3124000,9,쌍용아파트-봉담호수공원.신협앞,06시~07시,6,평일,1,49,39,88,1,0,1,50,39,89
2023,12,경기도 화성시,3124000,9,쌍용아파트-봉담호수공원.신협앞,07시~08시,7,평일,1,1,1,2,0,0,0,1,1,2
2023,12,경기도 화성시,3124000,H1,동탄2차고지-신동탄포레자이.율목초후문,08시~09시,8,평일,1,179,194,373,35,37,72,214,231,445
2023,12,경기도 화성시,3124000,H1,동탄2차고지-신동탄포레자이.율목초후문,06시~07시,6,평일,1,67,62,129,9,8,17,76,70,146
2023,12,경기도 화성시,3124000,H1,동탄2차고지-신동탄포레자이.율목초후문,19시~20시,19,평일,1,82,88,170,20,18,38,102,106,208
2023,12,경기도 화성시,3124000,H1,동탄2차고지-신동탄포레자이.율목초후문,18시~19시,18,평일,1,148,176,324,18,22,40,166,198,364
2023,12,경기도 화성시,3124000,H1,동탄2차고지-신동탄포레자이.율목초후문,07시~08시,7,평일,1,128,89,217,22,17,39,150,106,256
2023,12,경기도 화성시,3124000,H100,동탄2차고지-현대기아연구소,08시~09시,8,평일,1,26,28,54,8,10,18,34,38,72
2023,12,경기도 화성시,3124000,H100,동탄2차고지-현대기아연구소,07시~08시,7,평일,1,41,28,69,5,5,10,46,33,79
2023,12,경기도 화성시,3124000,H100,동탄2차고지-현대기아연구소,18시~19시,18,평일,1,45,46,91,51,19,70,96,65,161
2023,12,경기도 화성시,3124000,H100,동탄2차고지-현대기아연구소,19시~20시,19,평일,1,8,21,29,4,34,38,12,55,67
2023,12,경기도 화성시,3124000,H100,동탄2차고지-현대기아연구소,06시~07시,6,평일,1,26,28,54,13,9,22,39,37,76
2023,12,경기도 화성시,3124000,H101,치동천힐링마을-반정아이파크5단지후문,06시~07시,6,평일,1,21,12,33,0,0,0,21,12,33
2023,12,경기도 화성시,3124000,H101,치동천힐링마을-반정아이파크5단지후문,08시~09시,8,평일,1,27,42,69,0,0,0,27,42,69
2023,12,경기도 화성시,3124000,H101,치동천힐링마을-반정아이파크5단지후문,18시~19시,18,평일,1,17,26,43,3,4,7,20,30,50
2023,12,경기도 화성시,3124000,H101,치동천힐링마을-반정아이파크5단지후문,19시~20시,19,평일,1,15,5,20,1,0,1,16,5,21
2023,12,경기도 화성시,3124000,H101,치동천힐링마을-반정아이파크5단지후문,07시~08시,7,평일,1,24,14,38,2,2,4,26,16,42
2023,12,경기도 화성시,3124000,H102,동탄2차고지-신동탄포레자이.율목초후문,18시~19시,18,평일,1,30,33,63,3,2,5,33,35,68
2023,12,경기도 화성시,3124000,H102,동탄2차고지-신동탄포레자이.율목초후문,06시~07시,6,평일,1,13,10,23,2,1,3,15,11,26
2023,12,경기도 화성시,3124000,H102,동탄2차고지-신동탄포레자이.율목초후문,07시~08시,7,평일,1,39,34,73,4,5,9,43,39,82
2023,12,경기도 화성시,3124000,H102,동탄2차고지-신동탄포레자이.율목초후문,08시~09시,8,평일,1,78,85,163,4,3,7,82,88,170
2023,12,경기도 화성시,3124000,H102,동탄2차고지-신동탄포레자이.율목초후문,19시~20시,19,평일,1,10,15,25,6,7,13,16,22,38
2023,12,경기도 화성시,3124000,H12,장지동농협-반월동행정복지센터,08시~09시,8,평일,1,109,141,250,8,7,15,117,148,265
2023,12,경기도 화성시,3124000,H12,장지동농협-반월동행정복지센터,07시~08시,7,평일,1,103,63,166,3,3,6,106,66,172
2023,12,경기도 화성시,3124000,H12,장지동농협-반월동행정복지센터,06시~07시,6,평일,1,28,20,48,4,4,8,32,24,56
2023,12,경기도 화성시,3124000,H12,장지동농협-반월동행정복지센터,19시~20시,19,평일,1,39,50,89,13,18,31,52,68,120
2023,12,경기도 화성시,3124000,H12,장지동농협-반월동행정복지센터,18시~19시,18,평일,1,61,70,131,15,11,26,76,81,157
2023,12,경기도 화성시,3124000,H2,장지동농협-병점역후문,07시~08시,7,평일,1,149,149,298,21,27,48,170,176,346
2023,12,경기도 화성시,3124000,H2,장지동농협-병점역후문,08시~09시,8,평일,1,217,210,427,43,34,77,260,244,504
2023,12,경기도 화성시,3124000,H2,장지동농협-병점역후문,19시~20시,19,평일,1,153,171,324,57,66,123,210,237,447
2023,12,경기도 화성시,3124000,H2,장지동농협-병점역후문,06시~07시,6,평일,1,97,59,156,14,4,18,111,63,174
2023,12,경기도 화성시,3124000,H2,장지동농협-병점역후문,18시~19시,18,평일,1,182,168,350,38,42,80,220,210,430
2023,12,경기도 화성시,3124000,H20,병점역후문-동탄역(동측),07시~08시,7,평일,1,162,125,287,84,65,149,246,190,436
2023,12,경기도 화성시,3124000,H20,병점역후문-동탄역(동측),19시~20시,19,평일,1,50,54,104,35,44,79,85,98,183
2023,12,경기도 화성시,3124000,H20,병점역후문-동탄역(동측),18시~19시,18,평일,1,77,84,161,38,23,61,115,107,222
2023,12,경기도 화성시,3124000,H20,병점역후문-동탄역(동측),08시~09시,8,평일,1,107,147,254,29,44,73,136,191,327
2023,12,경기도 화성시,3124000,H20,병점역후문-동탄역(동측),06시~07시,6,평일,1,55,45,100,15,10,25,70,55,125
2023,12,경기도 화성시,3124000,H24,병점역사거리-단독주택,07시~08시,7,평일,1,35,19,54,3,1,4,38,20,58
2023,12,경기도 화성시,3124000,H24,병점역사거리-단독주택,08시~09시,8,평일,1,39,56,95,6,8,14,45,64,109
2023,12,경기도 화성시,3124000,H24,병점역사거리-단독주택,06시~07시,6,평일,1,16,20,36,0,0,0,16,20,36
2023,12,경기도 화성시,3124000,H24,병점역사거리-단독주택,18시~19시,18,평일,1,9,12,21,1,0,1,10,12,22
2023,12,경기도 화성시,3124000,H24,병점역사거리-단독주택,19시~20시,19,평일,1,12,10,22,10,10,20,22,20,42
2023,12,경기도 화성시,3124000,H25,새봄초등학교-동탄2신도시홍보관,06시~07시,6,평일,1,43,37,80,6,3,9,49,40,89
2023,12,경기도 화성시,3124000,H25,새봄초등학교-동탄2신도시홍보관,07시~08시,7,평일,1,43,30,73,5,8,13,48,38,86
2023,12,경기도 화성시,3124000,H25,새봄초등학교-동탄2신도시홍보관,08시~09시,8,평일,1,75,77,152,9,6,15,84,83,167
2023,12,경기도 화성시,3124000,H25,새봄초등학교-동탄2신도시홍보관,18시~19시,18,평일,1,24,36,60,11,12,23,35,48,83
2023,12,경기도 화성시,3124000,H25,새봄초등학교-동탄2신도시홍보관,19시~20시,19,평일,1,13,13,26,4,3,7,17,16,33
2023,12,경기도 화성시,3124000,H65,동탄2차고지-화성시청.모두누림센터,08시~09시,8,평일,1,74,91,165,52,47,99,126,138,264
2023,12,경기도 화성시,3124000,H65,동탄2차고지-화성시청.모두누림센터,07시~08시,7,평일,1,47,30,77,6,6,12,53,36,89
2023,12,경기도 화성시,3124000,H65,동탄2차고지-화성시청.모두누림센터,06시~07시,6,평일,1,29,28,57,4,3,7,33,31,64
2023,12,경기도 화성시,3124000,H65,동탄2차고지-화성시청.모두누림센터,18시~19시,18,평일,1,82,97,179,23,31,54,105,128,233
2023,12,경기도 화성시,3124000,H65,동탄2차고지-화성시청.모두누림센터,19시~20시,19,평일,1,69,78,147,25,22,47,94,100,194
2023,12,경기도 화성시,3124000,H67,동탄2차고지-화성문화원.향남환승터미널,08시~09시,8,평일,1,63,66,129,5,11,16,68,77,145
2023,12,경기도 화성시,3124000,H67,동탄2차고지-화성문화원.향남환승터미널,06시~07시,6,평일,1,26,17,43,2,0,2,28,17,45
2023,12,경기도 화성시,3124000,H67,동탄2차고지-화성문화원.향남환승터미널,18시~19시,18,평일,1,104,84,188,41,30,71,145,114,259
2023,12,경기도 화성시,3124000,H67,동탄2차고지-화성문화원.향남환승터미널,07시~08시,7,평일,1,50,44,94,13,5,18,63,49,112
2023,12,경기도 화성시,3124000,H67,동탄2차고지-화성문화원.향남환승터미널,19시~20시,19,평일,1,69,89,158,30,37,67,99,126,225
2023,12,경기도 화성시,3124000,M4108,나루마을.월드반도-서울역버스환승센터(6번승강장)(중),18시~19시,18,평일,1,117,112,229,90,86,176,207,198,405
2023,12,경기도 화성시,3124000,M4108,나루마을.월드반도-서울역버스환승센터(6번승강장)(중),19시~20시,19,평일,1,80,137,217,56,87,143,136,224,360
2023,12,경기도 화성시,3124000,M4108,나루마을.월드반도-서울역버스환승센터(6번승강장)(중),08시~09시,8,평일,1,91,248,339,50,96,146,141,344,485
2023,12,경기도 화성시,3124000,M4108,나루마을.월드반도-서울역버스환승센터(6번승강장)(중),07시~08시,7,평일,1,222,104,326,88,47,135,310,151,461
2023,12,경기도 화성시,3124000,M4108,나루마을.월드반도-서울역버스환승센터(6번승강장)(중),06시~07시,6,평일,1,143,73,216,57,14,71,200,87,287
2023,12,경기도 화성시,3124000,M4403,나루마을.월드반도-신분당선강남역(중),06시~07시,6,평일,1,231,71,302,45,7,52,276,78,354
2023,12,경기도 화성시,3124000,M4403,나루마을.월드반도-신분당선강남역(중),07시~08시,7,평일,1,287,236,523,71,47,118,358,283,641
2023,12,경기도 화성시,3124000,M4403,나루마을.월드반도-신분당선강남역(중),08시~09시,8,평일,1,244,279,523,47,71,118,291,350,641
2023,12,경기도 화성시,3124000,M4403,나루마을.월드반도-신분당선강남역(중),18시~19시,18,평일,1,130,122,252,187,164,351,317,286,603
2023,12,경기도 화성시,3124000,M4403,나루마을.월드반도-신분당선강남역(중),19시~20시,19,평일,1,91,130,221,125,182,307,216,312,528
2023,12,경기도 화성시,3124000,P9301(출근),나루마을.월드반도-잠실광역환승센터,08시~09시,8,평일,1,0,36,36,0,7,7,0,43,43
2023,12,경기도 화성시,3124000,P9301(출근),나루마을.월드반도-잠실광역환승센터,07시~08시,7,평일,1,53,17,70,7,0,7,60,17,77
2023,12,경기도 화성시,3124000,P9301(퇴근),잠실광역환승센터-나루마을.한화꿈에그린2차,19시~20시,19,평일,1,12,35,47,0,0,0,12,35,47
2023,12,경기도 화성시,3124000,P9301(퇴근),잠실광역환승센터-나루마을.한화꿈에그린2차,18시~19시,18,평일,1,28,9,37,0,0,0,28,9,37
